差的均值：0.0
YearStart 原始数据的频率：[1.0]
YearStart 生成数据的频率：[1.0]
差的均值：0.04364716767523518
DataSource 原始数据的频率：[0.0009482268158543523, 0.0027929589848800923, 0.9915866420702377, 0.0009482268158543523, 0.0009309863282933641, 0.0027929589848800923]
DataSource 生成数据的频率：[0.024136682585383516, 0.03641190972880713, 0.8606451390445322, 0.024550454286847233, 0.023257417719773115, 0.030998396634656828]
差的均值：0.007531898820280455
LocationID 原始数据的频率：[0.018395600227574437, 0.018395600227574437, 0.018395600227574437, 0.018395600227574437, 0.018395600227574437, 0.018395600227574437, 0.018395600227574437, 0.018395600227574437, 0.018395600227574437, 0.018395600227574437, 0.018395600227574437, 0.018395600227574437, 0.018395600227574437, 0.018395600227574437, 0.018395600227574437, 0.018395600227574437, 0.018395600227574437, 0.018395600227574437, 0.018395600227574437, 0.018395600227574437, 0.018395600227574437, 0.018395600227574437, 0.018395600227574437, 0.018395600227574437, 0.018395600227574437, 0.018395600227574437, 0.018395600227574437, 0.018395600227574437, 0.018395600227574437, 0.018395600227574437, 0.018395600227574437, 0.018395600227574437, 0.018395600227574437, 0.018395600227574437, 0.018395600227574437, 0.018395600227574437, 0.018395600227574437, 0.018395600227574437, 0.018395600227574437, 0.018395600227574437, 0.018395600227574437, 0.018395600227574437, 0.018395600227574437, 0.018395600227574437, 0.018395600227574437, 0.018395600227574437, 0.018395600227574437, 0.018395600227574437, 0.018395600227574437, 0.018395600227574437, 0.018395600227574437, 0.006637587710980467, 0.018395600227574437, 0.018395600227574437, 0.018395600227574437]
LocationID 生成数据的频率：[0.008878851093908936, 0.004017033601710256, 0.005103184318052514, 0.0055514369946382085, 0.006396220885126631, 0.0068789545368343015, 0.007706497939761737, 0.007896143302932607, 0.008378876954640277, 0.008982294019274865, 0.008516800855128183, 0.009051255969518819, 0.00882712963122597, 0.008171991103908418, 0.007447890626346913, 0.006982397462200231, 0.006189335034394772, 0.007396169163663948, 0.009120217919762771, 0.010016723272934158, 0.0106891022878127, 0.011085633501715429, 0.011809733979276933, 0.012361429581228557, 0.013102770546351051, 0.014723376377083944, 0.014550971501474061, 0.01494750271537679, 0.014430288088547145, 0.01632674172025585, 0.017895626088305777, 0.01894729582952606, 0.02039549678464907, 0.02260227919245556, 0.024309087460993396, 0.025860731341482337, 0.02601589572953123, 0.02594693377928728, 0.02603313621709222, 0.028222678137337726, 0.028291640087581678, 0.026567591331482853, 0.02611933865489716, 0.025860731341482337, 0.02322293674465114, 0.022171267003430858, 0.02001620605830733, 0.019430029481233728, 0.01970587728220954, 0.020723066048307846, 0.023843594296846717, 0.02427460648587142, 0.02730893229660535, 0.025964174266848265, 0.0253262762270917, 0.021912659690016035, 0.01699912073513439, 0.014447528576108133, 0.009482268158543524, 0.0052411082185404205, 0.002155060945123528, 0.0010516697412202816, 0.0016723272934158577, 0.001758529731220799, 0.001758529731220799, 0.0023102253331724223, 0.00213782045756254, 0.0024826302087823044, 0.0026377945968311983, 0.0024136682585383516, 0.002982604348050963, 0.0024826302087823044, 0.0023447063082943985, 0.002517111183904281, 0.0022067824078064926, 0.0023102253331724223, 0.0024998706963432924, 0.013602744685619709]
差的均值：0.022057972370887222
TopicID 原始数据的频率：[0.07492715894005482, 0.14999224178059756, 0.08059927934761996, 0.014999224178059755, 0.08999534506835853, 0.12559695188179923, 0.18559384859403824, 0.014999224178059755, 0.020602382635380927, 0.08059927934761996, 0.0009482268158543523, 0.07120321362688137, 0.005603158457321173, 0.0843404651483544]
TopicID 生成数据的频率：[0.14369946382083684, 0.08792648656103995, 0.08004758374566832, 0.02203334310294295, 0.07303070530834611, 0.11880419978276986, 0.1175628846783787, 0.020412737272210057, 0.028636449838801443, 0.0853576539144527, 0.018205954864403566, 0.07653052428322674, 0.013051049083668087, 0.11470096374325466]
差的均值：0.006008413773363196
QuestionID 原始数据的频率：[0.014999224178059755, 0.005603158457321173, 0.014999224178059755, 0.014999224178059755, 0.014999224178059755, 0.005603158457321173, 0.0009309863282933641, 0.0009309863282933641, 0.0009309863282933641, 0.0009309863282933641, 0.014999224178059755, 0.014999224178059755, 0.014999224178059755, 0.014999224178059755, 0.014999224178059755, 0.014999224178059755, 0.014999224178059755, 0.014999224178059755, 0.014999224178059755, 0.014999224178059755, 0.014999224178059755, 0.005603158457321173, 0.014999224178059755, 0.014999224178059755, 0.014999224178059755, 0.014999224178059755, 0.014999224178059755, 0.014999224178059755, 0.014999224178059755, 0.014999224178059755, 0.014999224178059755, 0.014999224178059755, 0.014999224178059755, 0.014999224178059755, 0.014999224178059755, 0.014999224178059755, 0.014999224178059755, 0.014999224178059755, 0.005603158457321173, 0.014999224178059755, 0.014999224178059755, 0.014999224178059755, 0.014999224178059755, 0.014999224178059755, 0.014999224178059755, 0.014999224178059755, 0.014999224178059755, 0.014999224178059755, 0.014999224178059755, 0.014999224178059755, 0.014999224178059755, 0.005603158457321173, 0.014999224178059755, 0.014999224178059755, 0.014999224178059755, 0.014999224178059755, 0.014999224178059755, 0.005603158457321173, 0.014999224178059755, 0.014999224178059755, 0.014999224178059755, 0.005603158457321173, 0.014999224178059755, 0.007499612089029877, 0.007499612089029877, 0.0009482268158543523, 0.014999224178059755, 0.005603158457321173, 0.014999224178059755, 0.005603158457321173, 0.014999224178059755, 0.014999224178059755, 0.005603158457321173, 0.014999224178059755, 0.014999224178059755, 0.014999224178059755, 0.005603158457321173, 0.014999224178059755, 0.014999224178059755, 0.0009309863282933641, 0.0009309863282933641, 0.0009482268158543523, 0.0009309863282933641]
QuestionID 生成数据的频率：[0.008516800855128183, 0.006741030636346396, 0.015188869541230625, 0.017550816337086012, 0.009965001810251194, 0.006723790148785408, 0.008792648656103994, 0.007137561850249125, 0.01534403392927952, 0.05849697429443305, 0.009499508646104512, 0.010085685223178112, 0.009120217919762771, 0.012447632019033499, 0.012068341292691758, 0.009361584745616606, 0.009758115959519335, 0.011723531541471993, 0.009154698894884747, 0.010723583262934676, 0.015102667103425685, 0.005396272606589314, 0.011740772029032981, 0.010171887660983052, 0.008378876954640277, 0.008723686705860042, 0.020412737272210057, 0.010809785700739616, 0.008085788666103478, 0.010327052049031947, 0.014257883212937262, 0.0101029257107391, 0.011085633501715429, 0.00913745840732376, 0.011447683740496182, 0.007999586228298536, 0.013671706635863663, 0.010240849611227006, 0.006844473561712325, 0.013137251521473027, 0.008447838904884231, 0.011240797889764323, 0.011189076427081357, 0.0092236608451287, 0.010327052049031947, 0.00932710377049463, 0.01096495008878851, 0.010723583262934676, 0.009430546695860558, 0.006861714049273313, 0.010171887660983052, 0.00670654966122442, 0.010361533024153923, 0.010016723272934158, 0.009016774994396841, 0.01922314363050187, 0.025964174266848265, 0.0068789545368343015, 0.011585607640984086, 0.010637380825129735, 0.006189335034394772, 0.007534093064151854, 0.011051152526593453, 0.00874092719342103, 0.016361222695377826, 0.012757960795131286, 0.010085685223178112, 0.006465182835370584, 0.010378773511714911, 0.007482371601468889, 0.0169818802475734, 0.015309552954157543, 0.011982138854886816, 0.00960295157147044, 0.010620140337568746, 0.013430339810009828, 0.006327258934882679, 0.010602899850007758, 0.012585555919521403, 0.014792338327327896, 0.010999431063910487, 0.062945020085168, 0.01299932762098512]
差的均值：0.032304842469833936
DataValueTypeID 原始数据的频率：[0.03749806044514939, 0.41997827698567314, 0.0009309863282933641, 0.4825612468320604, 0.03749806044514939, 0.014999224178059755, 0.0009482268158543523, 0.0027929589848800923, 0.0027929589848800923]
DataValueTypeID 生成数据的频率：[0.05039394514076858, 0.34574073754805784, 0.026102098167336173, 0.41142699515542297, 0.04520455838491112, 0.02817095667465476, 0.023947037222212645, 0.033067255141975414, 0.035946416564660445]
差的均值：0.09836272836462483
StratificationCategoryID1 原始数据的频率：[0.23516025033187937, 0.13642397807009982, 0.6284157715980208]
StratificationCategoryID1 生成数据的频率：[0.18883506025550403, 0.28396807061703705, 0.5271968691274589]
差的均值：0.05594107201351654
StratificationID1 原始数据的频率：[0.12568315431960417, 0.11758012516593969, 0.11758012516593969, 0.12568315431960417, 0.12568315431960417, 0.12568315431960417, 0.13642397807009982, 0.12568315431960417]
StratificationID1 生成数据的频率：[0.09702946399324174, 0.09578814888885058, 0.09227108942640898, 0.09951209420202403, 0.0872541075461614, 0.08590934951640432, 0.360188266124166, 0.08204748030274296]
平均差的均值：0.03323176193596767
