差的均值：0.0
YearStart 原始数据的频率：[1.0]
YearStart 生成数据的频率：[1.0]
差的均值：0.9990517731841456
DataSource 原始数据的频率：[0.0009482268158543523, 0.0027929589848800923, 0.9915866420702377, 0.0009482268158543523, 0.0009309863282933641, 0.0027929589848800923]
DataSource 生成数据的频率：[1.0]
差的均值：0.02032266452087102
LocationID 原始数据的频率：[0.018395600227574437, 0.018395600227574437, 0.018395600227574437, 0.018395600227574437, 0.018395600227574437, 0.018395600227574437, 0.018395600227574437, 0.018395600227574437, 0.018395600227574437, 0.018395600227574437, 0.018395600227574437, 0.018395600227574437, 0.018395600227574437, 0.018395600227574437, 0.018395600227574437, 0.018395600227574437, 0.018395600227574437, 0.018395600227574437, 0.018395600227574437, 0.018395600227574437, 0.018395600227574437, 0.018395600227574437, 0.018395600227574437, 0.018395600227574437, 0.018395600227574437, 0.018395600227574437, 0.018395600227574437, 0.018395600227574437, 0.018395600227574437, 0.018395600227574437, 0.018395600227574437, 0.018395600227574437, 0.018395600227574437, 0.018395600227574437, 0.018395600227574437, 0.018395600227574437, 0.018395600227574437, 0.018395600227574437, 0.018395600227574437, 0.018395600227574437, 0.018395600227574437, 0.018395600227574437, 0.018395600227574437, 0.018395600227574437, 0.018395600227574437, 0.018395600227574437, 0.018395600227574437, 0.018395600227574437, 0.018395600227574437, 0.018395600227574437, 0.018395600227574437, 0.006637587710980467, 0.018395600227574437, 0.018395600227574437, 0.018395600227574437]
LocationID 生成数据的频率：[3.4480975121976447e-05, 5.172146268296468e-05, 0.0003275692636587763, 0.0012757960795131286, 0.0031205282485388688, 0.007809940865127666, 0.01299932762098512, 0.0202058514214782, 0.027464096684654243, 0.030153612744168404, 0.030929434684412876, 0.027515818147337206, 0.022878126993431374, 0.016912918297329448, 0.012895884695619192, 0.010930469113666534, 0.009637432546592418, 0.007430650138785925, 0.005844525283175008, 0.004741134079271762, 0.003827388238539386, 0.0025860731341482337, 0.0022585038704894572, 0.001758529731220799, 0.0013964794924400462, 0.001379239004879058, 0.0015516438804889401, 0.002534351671465269, 0.003775666775856421, 0.005120424805613503, 0.006620347223419479, 0.006620347223419479, 0.006654828198541455, 0.009499508646104512, 0.017533575849525026, 0.03727393410685654, 0.06873782390566005, 0.09821905763494991, 0.1169767081013051, 0.11894212368325777, 0.09975346102787787, 0.0661689912590728, 0.03911866627588228, 0.018809371929038154, 0.007068599900005172, 0.001982656069513646, 0.0005861765770735996, 6.896195024395289e-05, 1.7240487560988223e-05]
差的均值：0.327994529018614
TopicID 原始数据的频率：[0.07492715894005482, 0.14999224178059756, 0.08059927934761996, 0.014999224178059755, 0.08999534506835853, 0.12559695188179923, 0.18559384859403824, 0.014999224178059755, 0.020602382635380927, 0.08059927934761996, 0.0009482268158543523, 0.07120321362688137, 0.005603158457321173, 0.0843404651483544]
TopicID 生成数据的频率：[0.09740875471958348, 0.0052411082185404205, 0.8973501370618762]
差的均值：0.022441837104132903
QuestionID 原始数据的频率：[0.014999224178059755, 0.005603158457321173, 0.014999224178059755, 0.014999224178059755, 0.014999224178059755, 0.005603158457321173, 0.0009309863282933641, 0.0009309863282933641, 0.0009309863282933641, 0.0009309863282933641, 0.014999224178059755, 0.014999224178059755, 0.014999224178059755, 0.014999224178059755, 0.014999224178059755, 0.014999224178059755, 0.014999224178059755, 0.014999224178059755, 0.014999224178059755, 0.014999224178059755, 0.014999224178059755, 0.005603158457321173, 0.014999224178059755, 0.014999224178059755, 0.014999224178059755, 0.014999224178059755, 0.014999224178059755, 0.014999224178059755, 0.014999224178059755, 0.014999224178059755, 0.014999224178059755, 0.014999224178059755, 0.014999224178059755, 0.014999224178059755, 0.014999224178059755, 0.014999224178059755, 0.014999224178059755, 0.014999224178059755, 0.005603158457321173, 0.014999224178059755, 0.014999224178059755, 0.014999224178059755, 0.014999224178059755, 0.014999224178059755, 0.014999224178059755, 0.014999224178059755, 0.014999224178059755, 0.014999224178059755, 0.014999224178059755, 0.014999224178059755, 0.014999224178059755, 0.005603158457321173, 0.014999224178059755, 0.014999224178059755, 0.014999224178059755, 0.014999224178059755, 0.014999224178059755, 0.005603158457321173, 0.014999224178059755, 0.014999224178059755, 0.014999224178059755, 0.005603158457321173, 0.014999224178059755, 0.007499612089029877, 0.007499612089029877, 0.0009482268158543523, 0.014999224178059755, 0.005603158457321173, 0.014999224178059755, 0.005603158457321173, 0.014999224178059755, 0.014999224178059755, 0.005603158457321173, 0.014999224178059755, 0.014999224178059755, 0.014999224178059755, 0.005603158457321173, 0.014999224178059755, 0.014999224178059755, 0.0009309863282933641, 0.0009309863282933641, 0.0009482268158543523, 0.0009309863282933641]
QuestionID 生成数据的频率：[0.000999948278537317, 0.0011206316914642346, 0.00018964536317087047, 0.11480440666862059, 0.04329086426564143, 0.001603365343171905, 1.7240487560988223e-05, 0.010947709601227523, 0.0014482009551230108, 5.172146268296468e-05, 0.0012068341292691758, 0.027084805958312502, 0.033067255141975414, 5.172146268296468e-05, 0.0002930882885367998, 0.13933762046790682, 0.0014999224178059755, 8.620243780494113e-05, 0.0030515662982949156, 0.0005689360895126114, 0.003379135561953692, 0.008878851093908936, 0.010068444735617124, 0.10859783114666482, 0.0003275692636587763, 0.011533886178301122, 0.006465182835370584, 5.172146268296468e-05, 0.00015516438804889402, 0.003965312139027292, 0.1516990500491354, 0.0547557884936986, 0.016085374894402014, 0.040084133579297625, 0.001999896557074634, 0.0030170853231729394, 0.006844473561712325, 0.0004310121890247056, 1.7240487560988223e-05, 0.00018964536317087047, 0.0012930365670741168, 0.023878075271968693, 0.0026033136217092218, 1.7240487560988223e-05, 0.0017930107063427753, 0.018981776804648035, 0.1387859248659552, 0.0007068599900005172, 0.002672275571953175]
差的均值：0.2712618312845887
DataValueTypeID 原始数据的频率：[0.03749806044514939, 0.41997827698567314, 0.0009309863282933641, 0.4825612468320604, 0.03749806044514939, 0.014999224178059755, 0.0009482268158543523, 0.0027929589848800923, 0.0027929589848800923]
DataValueTypeID 生成数据的频率：[0.4008758167680982, 0.5991241832319018]
差的均值：0.7648397496681206
StratificationCategoryID1 原始数据的频率：[0.23516025033187937, 0.13642397807009982, 0.6284157715980208]
StratificationCategoryID1 生成数据的频率：[1.0]
差的均值：0.1068177508059928
StratificationID1 原始数据的频率：[0.12568315431960417, 0.11758012516593969, 0.11758012516593969, 0.12568315431960417, 0.12568315431960417, 0.12568315431960417, 0.13642397807009982, 0.12568315431960417]
StratificationID1 生成数据的频率：[0.17056014344085652, 0.004361843352930021, 0.006396220885126631, 0.4697343240866852, 0.009309863282933642, 0.16402599865524198, 0.1291140113442408, 0.046497594951985244]
平均差的均值：0.3140912669483082
