差的均值：0.0
YearStart 原始数据的频率：[1.0]
YearStart 生成数据的频率：[1.0]
差的均值：0.00014941755886189423
DataSource 原始数据的频率：[0.0009482268158543523, 0.0027929589848800923, 0.9915866420702377, 0.0009482268158543523, 0.0009309863282933641, 0.0027929589848800923]
DataSource 生成数据的频率：[0.0009482268158543523, 0.003068806785855904, 0.991190110856335, 0.00106891022878127, 0.0008792648656103995, 0.002844680447563057]
差的均值：0.0028293207404632677
LocationID 原始数据的频率：[0.018395600227574437, 0.018395600227574437, 0.018395600227574437, 0.018395600227574437, 0.018395600227574437, 0.018395600227574437, 0.018395600227574437, 0.018395600227574437, 0.018395600227574437, 0.018395600227574437, 0.018395600227574437, 0.018395600227574437, 0.018395600227574437, 0.018395600227574437, 0.018395600227574437, 0.018395600227574437, 0.018395600227574437, 0.018395600227574437, 0.018395600227574437, 0.018395600227574437, 0.018395600227574437, 0.018395600227574437, 0.018395600227574437, 0.018395600227574437, 0.018395600227574437, 0.018395600227574437, 0.018395600227574437, 0.018395600227574437, 0.018395600227574437, 0.018395600227574437, 0.018395600227574437, 0.018395600227574437, 0.018395600227574437, 0.018395600227574437, 0.018395600227574437, 0.018395600227574437, 0.018395600227574437, 0.018395600227574437, 0.018395600227574437, 0.018395600227574437, 0.018395600227574437, 0.018395600227574437, 0.018395600227574437, 0.018395600227574437, 0.018395600227574437, 0.018395600227574437, 0.018395600227574437, 0.018395600227574437, 0.018395600227574437, 0.018395600227574437, 0.018395600227574437, 0.006637587710980467, 0.018395600227574437, 0.018395600227574437, 0.018395600227574437]
LocationID 生成数据的频率：[0.008706446218299054, 0.012378670068789545, 0.014550971501474061, 0.014775097839766908, 0.015878489043670153, 0.0166887919590366, 0.01680947537196352, 0.01827491681464752, 0.018671448028550246, 0.017912866575866767, 0.01901625777977001, 0.019498991431477684, 0.020050687033429306, 0.018516283640501355, 0.019947244108063377, 0.01836111925245246, 0.01865420754098926, 0.019119700705135943, 0.018861093391721116, 0.019119700705135943, 0.018671448028550246, 0.018412840715135423, 0.019033498267331, 0.018930055341965072, 0.018223195351964552, 0.017154285123183285, 0.018223195351964552, 0.017705980725134907, 0.017533575849525026, 0.017619778287329965, 0.017516335361964036, 0.016757753909280554, 0.01641294415806079, 0.016085374894402014, 0.01601641294415806, 0.015981931969036085, 0.0158095270934262, 0.01575780563074324, 0.015723324655621262, 0.014533731013913073, 0.014844059790010862, 0.014740616864644932, 0.013775149561229591, 0.01291312518318018, 0.013326896884643898, 0.012482112994155475, 0.012085581780252746, 0.012499353481716463, 0.011620088616106063, 0.011447683740496182, 0.011206316914642345, 0.010827026188300604, 0.01058565936244677, 0.010551178387324793, 0.009896039860007241, 0.009206420357567711, 0.009344344258055618, 0.008430598417323241, 0.009068496457079807, 0.008103029153664466, 0.00825819354171336, 0.007034118924883196, 0.007068599900005172, 0.006327258934882679, 0.006447942347809596, 0.005258348706101409, 0.005310070168784373, 0.004965260417564609, 0.004637691153905833, 0.00446528627829595, 0.003827388238539386, 0.003810147750978398, 0.003241211661465786, 0.003086047273416892, 0.0026550350843921864, 0.0021723014326845164, 0.001982656069513646, 0.004603210178783856]
差的均值：0.0004802707249132438
TopicID 原始数据的频率：[0.07492715894005482, 0.14999224178059756, 0.08059927934761996, 0.014999224178059755, 0.08999534506835853, 0.12559695188179923, 0.18559384859403824, 0.014999224178059755, 0.020602382635380927, 0.08059927934761996, 0.0009482268158543523, 0.07120321362688137, 0.005603158457321173, 0.0843404651483544]
TopicID 生成数据的频率：[0.07622019550712894, 0.14990603934279262, 0.08058203886005896, 0.015275071979035567, 0.08927124459079702, 0.12457976311570092, 0.18505939347964762, 0.015654362705377307, 0.02010240849611227, 0.08011654569591228, 0.0009482268158543523, 0.07166870679102805, 0.005947968208540938, 0.08466803441201318]
差的均值：0.00035021038587742354
QuestionID 原始数据的频率：[0.014999224178059755, 0.005603158457321173, 0.014999224178059755, 0.014999224178059755, 0.014999224178059755, 0.005603158457321173, 0.0009309863282933641, 0.0009309863282933641, 0.0009309863282933641, 0.0009309863282933641, 0.014999224178059755, 0.014999224178059755, 0.014999224178059755, 0.014999224178059755, 0.014999224178059755, 0.014999224178059755, 0.014999224178059755, 0.014999224178059755, 0.014999224178059755, 0.014999224178059755, 0.014999224178059755, 0.005603158457321173, 0.014999224178059755, 0.014999224178059755, 0.014999224178059755, 0.014999224178059755, 0.014999224178059755, 0.014999224178059755, 0.014999224178059755, 0.014999224178059755, 0.014999224178059755, 0.014999224178059755, 0.014999224178059755, 0.014999224178059755, 0.014999224178059755, 0.014999224178059755, 0.014999224178059755, 0.014999224178059755, 0.005603158457321173, 0.014999224178059755, 0.014999224178059755, 0.014999224178059755, 0.014999224178059755, 0.014999224178059755, 0.014999224178059755, 0.014999224178059755, 0.014999224178059755, 0.014999224178059755, 0.014999224178059755, 0.014999224178059755, 0.014999224178059755, 0.005603158457321173, 0.014999224178059755, 0.014999224178059755, 0.014999224178059755, 0.014999224178059755, 0.014999224178059755, 0.005603158457321173, 0.014999224178059755, 0.014999224178059755, 0.014999224178059755, 0.005603158457321173, 0.014999224178059755, 0.007499612089029877, 0.007499612089029877, 0.0009482268158543523, 0.014999224178059755, 0.005603158457321173, 0.014999224178059755, 0.005603158457321173, 0.014999224178059755, 0.014999224178059755, 0.005603158457321173, 0.014999224178059755, 0.014999224178059755, 0.014999224178059755, 0.005603158457321173, 0.014999224178059755, 0.014999224178059755, 0.0009309863282933641, 0.0009309863282933641, 0.0009482268158543523, 0.0009309863282933641]
QuestionID 生成数据的频率：[0.014516490526352085, 0.005689360895126114, 0.015464717342206438, 0.01599917245659707, 0.014740616864644932, 0.005620398944882162, 0.0008792648656103995, 0.000844783890488423, 0.0008620243780494112, 0.0007930624278054584, 0.014585452476596037, 0.015464717342206438, 0.014413047600986157, 0.014499250038791097, 0.01475785735220592, 0.01427512370049825, 0.015188869541230625, 0.015154388566108649, 0.014447528576108133, 0.014809578814888886, 0.015137148078547661, 0.005689360895126114, 0.014809578814888886, 0.015412995879523474, 0.014844059790010862, 0.01427512370049825, 0.014154440287571332, 0.015154388566108649, 0.014913021740254814, 0.014447528576108133, 0.014482009551230109, 0.014723376377083944, 0.014775097839766908, 0.01574056514318225, 0.013999275899522438, 0.01427512370049825, 0.015671603192938297, 0.014981983690498767, 0.0055514369946382085, 0.015223350516352603, 0.015499198317328414, 0.014550971501474061, 0.01486130027757185, 0.015085426615864697, 0.014637173939279003, 0.015550919780011378, 0.015723324655621262, 0.014550971501474061, 0.014878540765132838, 0.014395807113425167, 0.016361222695377826, 0.0055686774821991965, 0.015309552954157543, 0.01525783149147458, 0.015688843680499283, 0.015171629053669637, 0.015206110028791615, 0.005844525283175008, 0.015430236367084462, 0.015223350516352603, 0.01475785735220592, 0.005103184318052514, 0.014447528576108133, 0.0072582452631760426, 0.00787890281537162, 0.0010861507163422582, 0.014964743202937779, 0.005999689671223902, 0.01534403392927952, 0.005603158457321173, 0.01534403392927952, 0.015430236367084462, 0.005741082357809079, 0.01553367929245039, 0.015085426615864697, 0.015723324655621262, 0.0059134872334189615, 0.01408547833732738, 0.014775097839766908, 0.0009309863282933641, 0.0009654673034153406, 0.0009309863282933641, 0.0010344292536592936]
差的均值：0.0006628009662335457
DataValueTypeID 原始数据的频率：[0.03749806044514939, 0.41997827698567314, 0.0009309863282933641, 0.4825612468320604, 0.03749806044514939, 0.014999224178059755, 0.0009482268158543523, 0.0027929589848800923, 0.0027929589848800923]
DataValueTypeID 生成数据的频率：[0.03853248969880868, 0.42070237746323463, 0.0007930624278054584, 0.48019930003620503, 0.03858421116149165, 0.014792338327327896, 0.0009482268158543523, 0.002517111183904281, 0.002930882885367998]
差的均值：0.0019309346068306736
StratificationCategoryID1 原始数据的频率：[0.23516025033187937, 0.13642397807009982, 0.6284157715980208]
StratificationCategoryID1 生成数据的频率：[0.23550506008309915, 0.13897557022912607, 0.6255193696877748]
差的均值：0.0009051255969518834
StratificationID1 原始数据的频率：[0.12568315431960417, 0.11758012516593969, 0.11758012516593969, 0.12568315431960417, 0.12568315431960417, 0.12568315431960417, 0.13642397807009982, 0.12568315431960417]
StratificationID1 生成数据的频率：[0.12314880264813889, 0.11876971880764788, 0.11739047980276882, 0.12640725479716566, 0.12611416650862886, 0.12595900212057998, 0.13742392634863715, 0.12478664896643277]
平均差的均值：0.0009135100725164915
